80, 125
81, 125
82, 125
83, 125
84, 125
85, 125
86, 125
87, 125
88, 125
89, 125
90, 125
91, 125
92, 125
93, 125
94, 125
95, 125
96, 125
97, 125
98, 125
99, 125
300, 450
301, 450
302, 450
303, 450
304, 450
305, 450
306, 450
301, 451
302, 452
303, 451
304, 456
350, 337
351, 337
352, 337
353, 338
354, 339
351, 340
352, 341
353, 343
343, 343
350, 391
351, 391
352, 391
353, 391
354, 391
355, 391
356, 391
357, 391
358, 391
359, 391
360, 391
361, 392
362, 392
363, 392
364, 392
365, 392
366, 392
367, 392
368, 392
369, 392
370, 392
351, 393
352, 393
353, 393
354, 393
355, 393
356, 393
357, 393
358, 393
359, 393
351, 394
352, 394
353, 394
354, 394
355, 394
356, 394
357, 394
358, 394
359, 394
351, 395
352, 395
353, 395
353, 395
354, 395
355, 395
356, 395
357, 395
358, 395
359, 395
351, 396
352, 396
353, 396
354, 396
355, 396
356, 396
357, 396
358, 396
359, 396
351, 397
352, 397
353, 397
354, 397
355, 397
356, 397
357, 397
358, 397
359, 397
